1.000000000 -0.000000000 0.000000000 0.000000000 -0.000000000 1.000000000 0.000000000 0.000000000 0.000000000 0.000000000 1.000000000 0.000000000
0.999991715 -0.002354650 -0.003316226 -0.004189737 0.002347372 0.999994814 -0.002196549 -0.005299762 0.003321381 0.002188746 0.999992073 0.664403319
0.999971330 -0.001055844 -0.007497249 -0.012797672 0.001028869 0.999992967 -0.003600902 -0.010460154 0.007500998 0.003593085 0.999965429 1.358491540
0.999938905 -0.001385339 -0.010967698 -0.032607682 0.001329823 0.999986231 -0.005067523 -0.011795408 0.010974567 0.005052628 0.999926984 2.065205574
0.999875128 -0.000004240 -0.015803820 -0.051361591 -0.000087606 0.999983072 -0.005810981 -0.013625730 0.015803574 0.005811639 0.999858201 2.790320396
0.999794841 -0.000481685 -0.020250794 -0.067515783 0.000357530 0.999981105 -0.006134034 -0.021329323 0.020253364 0.006125535 0.999776065 3.533572435
0.999695301 0.000914853 -0.024666289 -0.092642240 -0.001093441 0.999973297 -0.007227639 -0.030641124 0.024659023 0.007252407 0.999669611 4.287398338
0.999566197 0.003499785 -0.029242402 -0.128689587 -0.003739427 0.999959886 -0.008144353 -0.032363907 0.029212721 0.008250169 0.999539137 5.052273273
0.999415874 0.003957704 -0.033943776 -0.155386567 -0.004168785 0.999972403 -0.006150033 -0.048890583 0.033918492 0.006287946 0.999404848 5.843532085
0.999258280 0.003224150 -0.038370997 -0.191627294 -0.003355048 0.999988854 -0.003347489 -0.057252470 0.038359776 0.003473743 0.999257982 6.639999866
0.999130189 0.003214188 -0.041574698 -0.233936265 -0.003250965 0.999994397 -0.000817033 -0.062888332 0.041571837 0.000951479 0.999135017 7.448995113
0.999016941 0.004348137 -0.044115569 -0.274787605 -0.004426898 0.999988794 -0.001687787 -0.071805343 0.044107746 0.001881423 0.999024928 8.258979797
0.998926342 0.003935388 -0.046157628 -0.320699006 -0.004026819 0.999990046 -0.001888003 -0.078089416 0.046149742 0.002071844 0.998932362 9.079053879
0.998856664 0.001388111 -0.047783319 -0.365460038 -0.001511468 0.999995649 -0.002545556 -0.084152319 0.047779582 0.002614869 0.998854458 9.905708313
0.998742044 0.000415248 -0.050140515 -0.400274873 -0.000490876 0.999998748 -0.001496028 -0.094128907 0.050139826 0.001518759 0.998741031 10.752117157
0.998663187 -0.001105134 -0.051677361 -0.446004331 0.001012434 0.999997795 -0.001819953 -0.101503566 0.051679265 0.001765200 0.998662055 11.601038933
0.998568714 0.001232251 -0.053469613 -0.498093545 -0.001456032 0.999990344 -0.004146439 -0.111868247 0.053463995 0.004218358 0.998560786 12.455480576
0.998497844 0.001785923 -0.054761898 -0.549175620 -0.002156780 0.999975085 -0.006713817 -0.121590771 0.054748546 0.006821841 0.998476863 13.321043968
0.998389184 0.005622581 -0.056457359 -0.607636690 -0.006097757 0.999947429 -0.008247805 -0.134628654 0.056408014 0.008578783 0.998370945 14.193841934
0.998322070 0.006929552 -0.057489090 -0.664423823 -0.007392475 0.999941885 -0.007843595 -0.147641376 0.057431385 0.008255420 0.998315334 15.089616776
0.998244643 0.005787127 -0.058941275 -0.715880990 -0.006161941 0.999961972 -0.006179337 -0.163173646 0.058903281 0.006531684 0.998242319 15.970935822
0.998178244 0.006609741 -0.059971642 -0.779590368 -0.006923516 0.999963403 -0.005025767 -0.172166735 0.059936237 0.005431827 0.998187423 16.867412567
0.998105764 0.006027809 -0.061224643 -0.837282598 -0.006329191 0.999968886 -0.004729818 -0.189743996 0.061194234 0.005108363 0.998112798 17.774265289
0.998003066 0.006128006 -0.062867418 -0.893002391 -0.006486018 0.999963880 -0.005492204 -0.203615606 0.062831491 0.005888997 0.998006701 18.676971436
0.997963309 0.004757055 -0.063613243 -0.958728194 -0.005147094 0.999968946 -0.005968952 -0.218580008 0.063582875 0.006284218 0.997956753 19.590167999
0.997909784 0.004274979 -0.064481393 -1.013597846 -0.004566700 0.999979973 -0.004377401 -0.227759793 0.064461388 0.004662717 0.997909307 20.511003494
0.997914374 0.006280922 -0.064244926 -1.080498219 -0.006367472 0.999979079 -0.001142513 -0.238558456 0.064236417 0.001549208 0.997933507 21.435371399
0.997967422 0.007366993 -0.063298620 -1.144543886 -0.007223602 0.999970853 0.002493862 -0.246101618 0.063315146 -0.002031549 0.997991443 22.367450714
0.998079002 0.006457340 -0.061615869 -1.207100868 -0.006125587 0.999965668 0.005571607 -0.254944146 0.061649729 -0.005183471 0.998084426 23.298585892
0.998163521 0.005813973 -0.060296644 -1.260574222 -0.005426667 0.999963641 0.006585089 -0.264864564 0.060332727 -0.006245787 0.998158813 24.243980408
0.998247981 0.006335769 -0.058828410 -1.318539023 -0.006124602 0.999974251 0.003769144 -0.270683795 0.058850769 -0.003402241 0.998260975 25.189090729
0.998301327 0.006732454 -0.057873022 -1.379387856 -0.006794691 0.999976575 -0.000878691 -0.278167635 0.057865754 0.001270427 0.998323560 26.125673294
0.998362005 0.006761455 -0.056811158 -1.428070068 -0.007007848 0.999966860 -0.004138971 -0.283882141 0.056781288 0.004530315 0.998376369 27.076612473
0.998420537 0.004095017 -0.056034211 -1.481846929 -0.004293339 0.999984920 -0.003419383 -0.291685253 0.056019373 0.003654554 0.998422980 28.031980515
0.998422027 0.002284107 -0.056108803 -1.542174935 -0.002186330 0.999996006 0.001803969 -0.303361148 0.056112695 -0.001678450 0.998423040 29.010911942
0.998383641 -0.000957264 -0.056826178 -1.597305417 0.001264870 0.999984860 0.005377376 -0.318648487 0.056820150 -0.005440562 0.998369694 29.975778580
0.998280048 -0.008226628 -0.058045689 -1.644207478 0.008513757 0.999952734 0.004701036 -0.325678378 0.058004264 -0.005187137 0.998302817 30.950294495
0.998181581 -0.010640160 -0.059331991 -1.701704264 0.010711162 0.999942183 0.000878779 -0.331069201 0.059319213 -0.001512695 0.998237908 31.925376892
0.998096108 -0.010438654 -0.060787730 -1.762364268 0.010259409 0.999942064 -0.003260065 -0.335134685 0.060818240 0.002630212 0.998145401 32.902191162
0.997969329 -0.009433331 -0.062993616 -1.826233864 0.009223733 0.999951005 -0.003617244 -0.348861963 0.063024648 0.003028862 0.998007417 33.891937256
0.997910261 -0.010049669 -0.063828669 -1.890021443 0.009927018 0.999948204 -0.002238447 -0.358567715 0.063847862 0.001600141 0.997958362 34.886432648
0.997868001 -0.006432031 -0.064946301 -1.962720633 0.006486627 0.999978781 0.000629813 -0.374755412 0.064940870 -0.001049752 0.997888565 35.878860474
0.997799397 -0.005965155 -0.066036895 -2.028552055 0.006100419 0.999979615 0.001846844 -0.387070954 0.066024549 -0.002245632 0.997815430 36.865013123
0.997733653 -0.005117006 -0.067092314 -2.099057674 0.005424700 0.999975622 0.004404753 -0.393260628 0.067068137 -0.004758726 0.997737169 37.867500305
0.997754037 -0.004714201 -0.066816881 -2.165580034 0.005243102 0.999956250 0.007742530 -0.406906724 0.066777453 -0.008075468 0.997735262 38.857532501
0.997738063 0.000725394 -0.067217752 -2.246526480 -0.000063259 0.999951422 0.009852193 -0.407824904 0.067221642 -0.009825655 0.997689605 39.854980469
0.997726083 0.001004862 -0.067391254 -2.317820787 -0.000390126 0.999958217 0.009134433 -0.412340075 0.067397602 -0.009087372 0.997684836 40.847557068
0.997727215 0.000839097 -0.067377120 -2.386595249 -0.000350987 0.999973536 0.007255969 -0.411649823 0.067381427 -0.007215830 0.997701168 41.831092834
0.997714281 0.003086769 -0.067503512 -2.455807924 -0.002736626 0.999982476 0.005278896 -0.422710836 0.067518607 -0.005082098 0.997705042 42.829734802
0.997648656 0.002609289 -0.068486832 -2.524631739 -0.002236354 0.999982357 0.005521461 -0.430449963 0.068500020 -0.005355317 0.997636735 43.827438354
0.997557461 0.000558022 -0.069848306 -2.595673561 -0.000102931 0.999978721 0.006518863 -0.434972525 0.069850445 -0.006495750 0.997536302 44.822589874
0.997506678 0.001005501 -0.070563756 -2.664461613 -0.000455491 0.999969363 0.007810175 -0.445629120 0.070569448 -0.007758562 0.997476637 45.809928894
0.997487128 0.003396692 -0.070765316 -2.737976074 -0.003107663 0.999986291 0.004194024 -0.456422150 0.070778593 -0.003963571 0.997484088 46.781166077
0.997445703 0.004011895 -0.071315885 -2.822844267 -0.004015840 0.999991894 0.000088057 -0.464963466 0.071315661 0.000198562 0.997453749 47.749267578
0.997381151 0.004638029 -0.072175309 -2.889798164 -0.004737835 0.999988019 -0.001211710 -0.469802499 0.072168842 0.001550492 0.997391164 48.720706940
0.997394443 0.003617378 -0.072050512 -2.965010166 -0.003440819 0.999990702 0.002574453 -0.484554708 0.072059162 -0.002319833 0.997397661 49.702781677
0.997413874 0.001616006 -0.071854442 -3.042248726 -0.001209174 0.999983072 0.005705036 -0.495443225 0.071862437 -0.005603396 0.997398794 50.670074463
0.997352600 -0.000639631 -0.072713979 -3.100567102 0.001108921 0.999978781 0.006413724 -0.503736019 0.072708316 -0.006477379 0.997332335 51.624485016
0.997337341 -0.003986375 -0.072816864 -3.172798395 0.004381381 0.999976516 0.005265734 -0.512737870 0.072794147 -0.005570752 0.997331500 52.581596375
0.997290134 -0.006921212 -0.073241934 -3.239161253 0.007242989 0.999965191 0.004128640 -0.523034096 0.073210806 -0.004647943 0.997305632 53.537376404
0.997212231 -0.008213805 -0.074163452 -3.312846899 0.008617916 0.999949634 0.005130556 -0.531157732 0.074117579 -0.005755388 0.997232854 54.491523743
0.997095346 -0.011621621 -0.075271949 -3.383782387 0.012358482 0.999880135 0.009330917 -0.536659181 0.075154476 -0.010234061 0.997119367 55.441932678
0.997035444 -0.011974922 -0.076006062 -3.450109005 0.013099743 0.999811649 0.014317784 -0.541773915 0.075820304 -0.015270999 0.997004509 56.381305695
0.997027040 -0.010375065 -0.076350324 -3.531516790 0.011670398 0.999795020 0.016539034 -0.540792823 0.076163091 -0.017380904 0.996943831 57.329597473
0.996917665 -0.009110284 -0.077924557 -3.608233929 0.010103808 0.999872506 0.012365035 -0.540756047 0.077801988 -0.013114255 0.996882558 58.260772705
0.996820748 -0.007643015 -0.079310633 -3.680340767 0.008043988 0.999956429 0.004737459 -0.547607124 0.079270981 -0.005360370 0.996838689 59.181289673
0.996792734 -0.005630104 -0.079828046 -3.765660524 0.005632103 0.999984145 -0.000200088 -0.553670108 0.079827905 -0.000250154 0.996808648 60.094806671
0.996746898 -0.000607765 -0.080592752 -3.851006508 0.000655775 0.999999583 0.000569262 -0.562791109 0.080592364 -0.000620261 0.996747017 60.994144440
0.996632636 0.001800810 -0.081976727 -3.929558754 -0.001535214 0.999993384 0.003302803 -0.581830919 0.081982113 -0.003165829 0.996628761 61.889949799
0.996526301 0.004283481 -0.083168656 -4.006008625 -0.003892984 0.999980628 0.004856847 -0.593611419 0.083187848 -0.004516202 0.996523678 62.777328491
0.996425629 0.005072406 -0.084322214 -4.083405972 -0.004677153 0.999977171 0.004884286 -0.606683850 0.084345058 -0.004472439 0.996426523 63.651149750
0.996295810 0.006588112 -0.085738800 -4.164682388 -0.006136827 0.999966025 0.005525976 -0.614086747 0.085772291 -0.004979343 0.996302366 64.497032166
0.996164441 0.007740416 -0.087157637 -4.242872238 -0.007237290 0.999955356 0.006087116 -0.624873638 0.087200850 -0.005432983 0.996176004 65.340644836
0.996054471 0.007209064 -0.088450082 -4.318102837 -0.006641926 0.999955416 0.006704602 -0.635907888 0.088494480 -0.006090671 0.996057987 66.159194946
0.995968461 0.007050003 -0.089425385 -4.393222332 -0.006385578 0.999949872 0.007713855 -0.642012060 0.089475274 -0.007111724 0.995963633 66.964904785
0.995803773 0.009707160 -0.090998173 -4.470905781 -0.008786866 0.999906123 0.010508492 -0.648818314 0.091091640 -0.009664806 0.995795608 67.766944885
0.995659590 0.011560817 -0.092348382 -4.548581123 -0.010255869 0.999840915 0.014592802 -0.655285120 0.092502400 -0.013582353 0.995619833 68.546943665
0.995487332 0.014256179 -0.093817979 -4.634786606 -0.012781426 0.999785364 0.016301498 -0.655130625 0.094030246 -0.015028807 0.995455801 69.330848694
0.995332718 0.017264340 -0.094946176 -4.715357304 -0.016184280 0.999795377 0.012133836 -0.662443459 0.095136240 -0.010540569 0.995408356 70.074600220
0.995194793 0.017238012 -0.096386276 -4.788405418 -0.016841713 0.999846101 0.004923623 -0.669180930 0.096456319 -0.003276656 0.995331764 70.798629761
0.995048344 0.016453529 -0.098022334 -4.858960629 -0.016609006 0.999861777 -0.000770274 -0.678996563 0.097996123 0.002394512 0.995183945 71.512626648
0.995011032 0.016992610 -0.098307349 -4.934387207 -0.017277589 0.999848604 -0.002048192 -0.682892382 0.098257661 0.003736487 0.995154023 72.204765320
0.994884729 0.019860072 -0.099044830 -5.011075974 -0.019796297 0.999802709 0.001626774 -0.695080042 0.099057600 0.000342268 0.995081604 72.881866455
0.994745135 0.020112034 -0.100387290 -5.082061768 -0.019818960 0.999795914 0.003916005 -0.711250663 0.100445554 -0.001905856 0.994940698 73.534660339
0.994715512 0.016956631 -0.101259798 -5.146043777 -0.016992589 0.999855459 0.000507538 -0.719616473 0.101253785 0.001215810 0.994859815 74.160408020
0.994799078 0.008810348 -0.101476468 -5.193741322 -0.009314135 0.999946535 -0.004491820 -0.734674573 0.101431467 0.005413624 0.994827807 74.772994995
0.994922578 0.004919078 -0.100523591 -5.248407364 -0.005906568 0.999937177 -0.009528215 -0.739252687 0.100470401 0.010073585 0.994889021 75.371849060
0.995206773 0.006916269 -0.097549230 -5.305456161 -0.007895276 0.999922156 -0.009653594 -0.752504110 0.097474881 0.010377498 0.995183945 75.955101013
0.995595634 0.012395505 -0.092929199 -5.374084473 -0.013057601 0.999893486 -0.006520065 -0.766170144 0.092838474 0.007704781 0.995651364 76.513916016
0.996008039 0.010700542 -0.088618256 -5.419573784 -0.011038165 0.999933541 -0.003320676 -0.780920506 0.088576838 0.004285604 0.996060073 77.075576782
0.996530950 0.007223097 -0.082909003 -5.453732967 -0.007180158 0.999973834 0.000816059 -0.792613029 0.082912743 -0.000217928 0.996556818 77.618095398
0.997198999 0.002643486 -0.074746557 -5.484689713 -0.002316965 0.999987364 0.004454747 -0.805860043 0.074757382 -0.004269085 0.997192621 78.152496338
0.997923255 0.006097375 -0.064123340 -5.515171051 -0.005838745 0.999974012 0.004219940 -0.816482306 0.064147398 -0.003836778 0.997933090 78.665924072
0.998729944 0.011269074 -0.049106125 -5.537723541 -0.011097051 0.999931335 0.003774318 -0.821689129 0.049145278 -0.003224592 0.998786449 79.166336060
0.999390185 0.016602099 -0.030719148 -5.557494164 -0.016483026 0.999855757 0.004125357 -0.822962642 0.030783197 -0.003616497 0.999519587 79.660026550
0.999851108 0.015079698 -0.008394282 -5.549154758 -0.015041084 0.999876142 0.004643996 -0.827565789 0.008463267 -0.004517046 0.999953985 80.143859863
0.999776185 0.011385852 0.017835263 -5.519554138 -0.011484724 0.999919116 0.005450990 -0.833455741 -0.017771766 -0.005654601 0.999826133 80.606277466
0.998824835 0.010434756 0.047330793 -5.477869034 -0.010787078 0.999915957 0.007194549 -0.843180835 -0.047251742 -0.007696655 0.998853326 81.052505493
0.996725142 0.009918324 0.080253512 -5.419620037 -0.010681761 0.999901652 0.009089069 -0.854068518 -0.080155492 -0.009916553 0.996732950 81.491790771
0.992973685 0.009821634 0.117927149 -5.343956947 -0.010984896 0.999897182 0.009218303 -0.855192721 -0.117824480 -0.010448949 0.992979407 81.934104919
0.987147450 0.009951186 0.159502432 -5.249009132 -0.011549334 0.999891937 0.009095688 -0.858293891 -0.159394681 -0.010820932 0.987155616 82.362030029
0.978819966 0.009524398 0.204501092 -5.132787704 -0.011543281 0.999895692 0.008681575 -0.860818088 -0.204397053 -0.010858312 0.978827775 82.773315430
0.967308819 0.011550578 0.253338128 -5.005235672 -0.013778931 0.999880433 0.007023371 -0.874743283 -0.253226697 -0.010284496 0.967352271 83.165107727
0.951809585 0.012446242 0.306436956 -4.849641800 -0.014345666 0.999889255 0.003946910 -0.881806374 -0.306353927 -0.008152749 0.951882780 83.547218323
0.932131231 0.012971950 0.361888319 -4.678092957 -0.014574169 0.999892354 0.001697997 -0.886040866 -0.361827254 -0.006856977 0.932219923 83.884788513
0.907768130 0.013389374 0.419258595 -4.477519989 -0.014885082 0.999889255 0.000296507 -0.895959377 -0.419208169 -0.006509858 0.907866836 84.236267090
0.878926992 0.013868331 0.476754725 -4.255111694 -0.014404363 0.999893129 -0.002530573 -0.894065082 -0.476738811 -0.004643159 0.879032791 84.557456970
0.845637083 0.012553927 0.533610761 -4.011917114 -0.011778528 0.999918759 -0.004858500 -0.899822593 -0.533628404 -0.002176621 0.845716238 84.858352661
0.808285654 0.012964004 0.588647902 -3.757987976 -0.011175460 0.999915302 -0.006676219 -0.905565202 -0.588684559 -0.001182119 0.808362007 85.150672913
0.768154025 0.010687824 0.640175819 -3.473358154 -0.009777660 0.999939919 -0.004961812 -0.922355413 -0.640190363 -0.002447986 0.768212378 85.434623718
0.725173712 0.011453102 0.688470721 -3.187923431 -0.013075154 0.999910355 -0.002861877 -0.928988695 -0.688441813 -0.006926501 0.725258589 85.682899475
0.680494189 0.010227501 0.732682168 -2.887470245 -0.011367144 0.999929667 -0.003400529 -0.930889189 -0.732665360 -0.006014463 0.680562496 85.891403198
0.633609951 0.008818202 0.773602366 -2.569633484 -0.008301072 0.999955058 -0.004599472 -0.940129876 -0.773608088 -0.003507457 0.633654535 86.097869873
0.586593747 0.006127174 0.809858143 -2.233959198 -0.002606170 0.999980509 -0.005677895 -0.947757661 -0.809877038 0.001219988 0.586598337 86.282646179
0.540495336 0.008207467 0.841307044 -1.896488190 -0.004796272 0.999966264 -0.006673934 -0.959564567 -0.841333330 -0.000427907 0.540516496 86.442123413
0.492459536 0.011694294 0.870256841 -1.564002991 -0.008228974 0.999927580 -0.008780178 -0.961614966 -0.870296359 -0.002837436 0.492520154 86.608489990
0.447259367 0.013758378 0.894298553 -1.221248627 -0.008988065 0.999900401 -0.010887875 -0.969901264 -0.894359171 -0.003168310 0.447338462 86.739433289
0.404122978 0.012360770 0.914621174 -0.861391068 -0.002211836 0.999918997 -0.012536244 -0.967590332 -0.914702058 0.003043192 0.404117614 86.863731384
0.363789350 0.003484966 0.931474745 -0.499326706 0.012330741 0.999887288 -0.008556717 -0.989835143 -0.931399643 0.014598615 0.363705397 86.956474304
0.328418702 0.000118323 0.944532275 -0.133039474 0.016295707 0.999850392 -0.005791353 -0.992897511 -0.944391668 0.017293811 0.328367591 87.044532776
0.295404047 0.003954538 0.955364168 0.234580994 0.013925333 0.999867380 -0.008444541 -1.001404881 -0.955270946 0.015798317 0.295309782 87.137390137
0.264129698 0.011346288 0.964420438 0.604053497 0.003477992 0.999913096 -0.012716385 -1.017791629 -0.964480877 0.006713023 0.264067262 87.237792969
0.235380188 0.015842488 0.971774161 0.984224319 -0.001604276 0.999872148 -0.015911970 -1.034088016 -0.971902013 0.002186369 0.235375449 87.325073242
0.209475845 0.017350817 0.977659822 1.376138687 -0.001483229 0.999846995 -0.017426785 -1.055468559 -0.977812707 0.002200396 0.209469557 87.397132874
0.186198935 0.018908247 0.982330024 1.779907227 0.005971433 0.999774635 -0.020375898 -1.063363791 -0.982493937 0.009659889 0.186044037 87.445167542
0.166263148 0.024852023 0.985768080 2.191386223 0.012884732 0.999542236 -0.027372463 -1.066732407 -0.985997260 0.017252393 0.165866792 87.485435486
0.146439850 0.032127850 0.988697708 2.617618561 0.015386827 0.999277592 -0.034750648 -1.062200785 -0.989099979 0.020301800 0.145839691 87.537902832
0.128598407 0.032682464 0.991158009 3.058238983 0.013248669 0.999311030 -0.034670252 -1.076526761 -0.991608262 0.017590065 0.128076822 87.591300964
0.113159828 0.028307436 0.993173480 3.510554314 0.011544259 0.999489069 -0.029802768 -1.099893212 -0.993509710 0.014837929 0.112775244 87.638618469
0.098585427 0.025097856 0.994812071 3.981221199 0.011334880 0.999588788 -0.026341649 -1.121863723 -0.995064080 0.013872978 0.098260395 87.677307129
0.085545391 0.022726636 0.996075094 4.465710640 0.014001983 0.999613643 -0.024009898 -1.137810469 -0.996235847 0.016000964 0.085194118 87.706550598
0.074058183 0.021873139 0.997014046 4.959278107 0.017603824 0.999574959 -0.023236932 -1.152083993 -0.997098565 0.019272145 0.073641658 87.729095459
0.063634738 0.022553770 0.997718334 5.474129200 0.020662302 0.999500453 -0.023911905 -1.163933039 -0.997759342 0.022136781 0.063136928 87.754600525
0.055805914 0.023226287 0.998171389 6.001521111 0.022845099 0.999437988 -0.024532983 -1.178063273 -0.998180211 0.024172410 0.055243943 87.777885437
0.050168116 0.023380565 0.998467088 6.552970409 0.024590144 0.999394000 -0.024637802 -1.196924448 -0.998438001 0.025788480 0.049562789 87.802742004
0.044722911 0.024666272 0.998694837 7.115511894 0.025894143 0.999330640 -0.025841551 -1.207756519 -0.998663723 0.027016057 0.044054270 87.821372986
0.039176259 0.025500549 0.998906791 7.689721107 0.026703842 0.999290526 -0.026557641 -1.222522974 -0.998875439 0.027715079 0.038467512 87.834831238
0.034331620 0.025214333 0.999092340 8.294965744 0.029041762 0.999234319 -0.026215874 -1.244394064 -0.998988390 0.029915435 0.033573069 87.858100891
0.031528916 0.025443926 0.999178886 8.917608261 0.030225592 0.999194384 -0.026398083 -1.260917783 -0.999045610 0.031033074 0.030734457 87.872077942
0.028519422 0.024581280 0.999290943 9.554964066 0.031360030 0.999183536 -0.025473641 -1.285452485 -0.999101222 0.032064289 0.027725264 87.885322571
0.026145902 0.024052050 0.999368727 10.209252357 0.033565860 0.999125659 -0.024924362 -1.304710031 -0.999094486 0.034196343 0.025315717 87.898925781
0.025421711 0.023795377 0.999393582 10.886426926 0.037825637 0.998977780 -0.024747653 -1.322933674 -0.998960912 0.038431823 0.024495654 87.912597656
0.026666425 0.023526328 0.999367535 11.575322151 0.041533928 0.998833656 -0.024622019 -1.341052771 -0.998781204 0.042164236 0.025658181 87.924224854
0.029052284 0.023230664 0.999307871 12.282755852 0.043479286 0.998754263 -0.024481842 -1.365557671 -0.998631835 0.044160444 0.028006036 87.946197510
0.032726318 0.023207439 0.999194920 13.006282806 0.045585290 0.998655379 -0.024687953 -1.385818243 -0.998424232 0.046356525 0.031624399 87.968109131
0.037200309 0.022737527 0.999049187 13.745917320 0.045978755 0.998643339 -0.024440350 -1.406498075 -0.998249412 0.046844222 0.036104392 87.995132446
0.041253559 0.021114809 0.998925626 14.503874779 0.047586195 0.998600662 -0.023073157 -1.427087665 -0.998014867 0.048486911 0.040191054 88.027114868
0.044859506 0.019542810 0.998802185 15.266458511 0.047063142 0.998657227 -0.021653738 -1.448496103 -0.997884095 0.047978144 0.043879524 88.074066162
0.049237154 0.017489249 0.998633981 16.062805176 0.044040408 0.998836160 -0.019664183 -1.470317125 -0.997815728 0.044948447 0.048409615 88.111251831
0.053004958 0.016480712 0.998458207 16.858505249 0.043283712 0.998886168 -0.018785568 -1.489713907 -0.997655809 0.044212714 0.052232567 88.167991638
0.057277463 0.017337661 0.998207808 17.665107727 0.040547132 0.998983860 -0.019677751 -1.513895154 -0.997534573 0.041601565 0.056516260 88.217407227
0.060157258 0.021370701 0.997960091 18.455785751 0.037991419 0.998997390 -0.023683049 -1.541273355 -0.997465670 0.039338637 0.059285037 88.266662598
0.061501712 0.026956610 0.997742951 19.257740021 0.032353558 0.999056041 -0.028986391 -1.562097311 -0.997582495 0.034063250 0.060571518 88.326332092
0.061192174 0.029936207 0.997676909 20.067703247 0.029296581 0.999065638 -0.031774770 -1.592572808 -0.997695982 0.031172886 0.060257956 88.387626648
0.061565746 0.029275354 0.997673631 20.882158279 0.027006537 0.999154925 -0.030985380 -1.630139589 -0.997737586 0.028851353 0.060723100 88.439094543
0.061391156 0.027736664 0.997728348 21.696941376 0.024090923 0.999281406 -0.029262180 -1.660949945 -0.997823000 0.025832640 0.060678840 88.500610352
0.061588362 0.026291057 0.997755289 22.512670517 0.025221478 0.999292791 -0.027888419 -1.696309686 -0.997782886 0.026882464 0.060881708 88.547378540
0.061592065 0.025357442 0.997779250 23.334114075 0.022497356 0.999387980 -0.026787072 -1.734824896 -0.997847795 0.024097269 0.060983885 88.613693237
0.061535731 0.025748080 0.997772753 24.149501801 0.020747107 0.999418259 -0.027070077 -1.769719362 -0.997889221 0.022366676 0.060965732 88.669197083
0.061789922 0.026310045 0.997742414 24.962327957 0.017754074 0.999465346 -0.027454987 -1.803671837 -0.997931182 0.019410430 0.061289772 88.723831177
0.060006008 0.027707424 0.997813463 25.776294708 0.014940370 0.999477804 -0.028652117 -1.835513830 -0.998086214 0.016626999 0.059560709 88.791885376
0.057399206 0.027499525 0.997972548 26.592350006 0.011641388 0.999534190 -0.028212119 -1.869690180 -0.998283446 0.013237136 0.057052325 88.842117310
0.053385634 0.026247509 0.998228848 27.396823883 0.009214321 0.999598980 -0.026776321 -1.900449038 -0.998531461 0.010627473 0.053122368 88.892295837
0.048129693 0.023742495 0.998558819 28.206466675 0.007395551 0.999681532 -0.024125652 -1.932403207 -0.998813689 0.008546052 0.047938779 88.940444946
0.042346109 0.021569297 0.998870075 29.015335083 0.005036452 0.999749660 -0.021801803 -1.964341164 -0.999090254 0.005953984 0.042226873 88.974655151
0.034555580 0.021982770 0.999161005 29.828083038 0.004450055 0.999744713 -0.022149518 -1.993671894 -0.999392867 0.005211711 0.034448937 89.008750916
0.026163384 0.022578884 0.999402642 30.630531311 0.004400726 0.999732614 -0.022701543 -2.023889065 -0.999648035 0.004992047 0.026057024 89.028175354
0.016158631 0.023074061 0.999603093 31.431472778 0.005253088 0.999717891 -0.023161624 -2.050395966 -0.999855638 0.005625264 0.016032865 89.041755676
0.006007860 0.022168759 0.999736130 32.224781036 0.006198954 0.999734163 -0.022205966 -2.080588579 -0.999962687 0.006330730 0.005868840 89.042137146
-0.004949906 0.021012161 0.999766886 33.019329071 0.005142351 0.999766588 -0.020986687 -2.111733437 -0.999974489 0.005037271 -0.005056803 89.041755676
-0.016027354 0.020188896 0.999667704 33.804260254 0.006561617 0.999776781 -0.020085897 -2.139760256 -0.999849975 0.006237514 -0.016156247 89.026992798
-0.026971549 0.020784821 0.999420226 34.582603455 0.006940453 0.999763668 -0.020604664 -2.165081739 -0.999612093 0.006380689 -0.027109429 89.005538940
-0.038291387 0.021439154 0.999036670 35.359561920 0.006708225 0.999752820 -0.021197412 -2.191655636 -0.999244094 0.005890085 -0.038425740 88.977134705
-0.048498336 0.022310717 0.998574078 36.128032684 0.006247292 0.999737680 -0.022033298 -2.223291874 -0.998803854 0.005169804 -0.048624992 88.929512024
-0.058923438 0.023426628 0.997987628 36.892169952 0.006860634 0.999710500 -0.023062008 -2.247617006 -0.998238981 0.005487935 -0.059067108 88.885368347
-0.068273649 0.024028718 0.997377276 37.647327423 0.008205270 0.999689579 -0.023522757 -2.281994343 -0.997632921 0.006577766 -0.068449616 88.827316284
-0.077843793 0.024608217 0.996661842 38.414287567 0.008254486 0.999677002 -0.024037950 -2.306856871 -0.996931374 0.006355726 -0.078021772 88.764434814
-0.087320082 0.025028555 0.995865881 39.152790070 0.008917910 0.999664009 -0.024342064 -2.336296082 -0.996140361 0.006755491 -0.087513924 88.700836182
-0.095680907 0.024363406 0.995113850 39.886177063 0.010247184 0.999671638 -0.023489719 -2.363558054 -0.995359302 0.007949597 -0.095899120 88.622535706
-0.103009485 0.023208397 0.994409621 40.629562378 0.012123890 0.999682784 -0.022075571 -2.392424345 -0.994606376 0.009782120 -0.103258207 88.540016174
-0.108573318 0.021617588 0.993853390 41.354827881 0.014808080 0.999687791 -0.020126786 -2.418484211 -0.993978083 0.012531828 -0.108859539 88.466339111
-0.112095483 0.020218732 0.993491828 42.062007904 0.018158939 0.999667704 -0.018295553 -2.441729546 -0.993531466 0.015989907 -0.112425394 88.375083923
-0.114639029 0.019070670 0.993224084 42.769058228 0.019466316 0.999666870 -0.016947556 -2.464026928 -0.993216455 0.017391559 -0.114972085 88.287422180
-0.116371654 0.017948860 0.993043482 43.452018738 0.019347992 0.999688029 -0.015801620 -2.489466429 -0.993017197 0.017374536 -0.116682626 88.209159851
-0.117061466 0.018666722 0.992949188 44.126293182 0.020378476 0.999658048 -0.016390366 -2.508122683 -0.992915571 0.018316114 -0.117401823 88.126708984
-0.115986183 0.019732032 0.993054807 44.774890900 0.021080874 0.999626279 -0.017400417 -2.527609348 -0.993027091 0.018916257 -0.116358817 88.051506042
-0.112751089 0.021331269 0.993394196 45.398414612 0.022170700 0.999574602 -0.018947590 -2.550518990 -0.993375838 0.019887887 -0.113176055 87.979522705
-0.107908696 0.021832880 0.993921101 46.027420044 0.021776201 0.999570906 -0.019592777 -2.574006557 -0.993922293 0.019529598 -0.108337827 87.913383484
-0.100054301 0.022583967 0.994725704 46.623588562 0.021158407 0.999564648 -0.020565616 -2.595685959 -0.994756937 0.018989133 -0.100488588 87.860260010
-0.088714622 0.022590306 0.995800972 47.204959869 0.020207446 0.999577880 -0.020875737 -2.617567778 -0.995852053 0.018270614 -0.089133680 87.816299438
-0.074977621 0.022679433 0.996927261 47.760082245 0.019400222 0.999585390 -0.021280836 -2.643126011 -0.996996462 0.017745025 -0.075386532 87.782272339
-0.058120724 0.023524951 0.998032391 48.298980713 0.018303383 0.999579430 -0.022495514 -2.675635815 -0.998141646 0.016959919 -0.058526885 87.769714355
-0.036855936 0.026327351 0.998973727 48.833366394 0.016827447 0.999527454 -0.025721123 -2.693835020 -0.999178946 0.015862200 -0.037281543 87.766014099
-0.012252742 0.029513601 0.999489188 49.357032776 0.014865466 0.999459207 -0.029330477 -2.716653347 -0.999814451 0.014498497 -0.012684841 87.779182434
0.015821908 0.031024676 0.999393344 49.870925903 0.012878779 0.999429226 -0.031229682 -2.739395857 -0.999791920 0.013365079 0.015413322 87.813766479
0.048929904 0.030448576 0.998338103 50.381946564 0.010179505 0.999468088 -0.030981958 -2.762422085 -0.998750329 0.011678531 0.048593927 87.860282898
0.088713057 0.027690934 0.995672226 50.858974457 0.009243451 0.999547541 -0.028622292 -2.788741112 -0.996014416 0.011742622 0.088416986 87.890731812
0.130141810 0.024380064 0.991195619 51.384761810 0.007290987 0.999647200 -0.025545228 -2.805029392 -0.991468608 0.010551294 0.129918128 87.995468140
0.176374674 0.020326810 0.984113216 51.871887207 0.004471298 0.999759912 -0.021451347 -2.822745323 -0.984312952 0.008183735 0.176241428 88.098648071
0.224820420 0.017132511 0.974249661 52.362304688 0.000049553 0.999845266 -0.017594054 -2.838428497 -0.974400222 0.004003779 0.224784777 88.240646362
0.277010471 0.015251869 0.960745931 52.827205658 -0.004198613 0.999883711 -0.014662606 -2.861527920 -0.960857689 0.000027895 0.277042270 88.402801514
0.331110477 0.015259092 0.943468630 53.274444580 -0.005649588 0.999883354 -0.014188787 -2.872547626 -0.943575025 -0.000632153 0.331158102 88.600715637
0.384520173 0.015782204 0.922981739 53.694183350 -0.002930170 0.999869645 -0.015876196 -2.889834166 -0.923111916 0.003400225 0.384516239 88.862655640
0.445100665 0.018989922 0.895279288 54.113975525 -0.001961719 0.999793351 -0.020231498 -2.905101538 -0.895478308 0.007248768 0.445045978 89.100097656
0.505634785 0.021484766 0.862480104 54.512351990 -0.000830963 0.999701560 -0.024415854 -2.930594921 -0.862747192 0.011628818 0.505501747 89.360778809
0.564855754 0.027451288 0.824732959 54.874450684 -0.004332618 0.999531448 -0.030302076 -2.918571711 -0.825178206 0.013543053 0.564710021 89.642898560
0.617394865 0.029984593 0.786081731 55.181701660 -0.008180778 0.999463975 -0.031698678 -2.937645912 -0.786610901 0.013139839 0.617309272 89.990318298
0.671107054 0.030287523 0.740741491 55.512672424 -0.009554299 0.999435484 -0.032208897 -2.958888769 -0.741298914 0.014538356 0.671017647 90.332015991
0.720254600 0.028136477 0.693138957 55.802696228 -0.009729992 0.999488592 -0.030461451 -2.978364229 -0.693641543 0.015195766 0.720160186 90.687210083
0.764985085 0.025738942 0.643533528 56.050464630 -0.012300242 0.999602735 -0.025358768 -2.985813379 -0.643930614 0.011483461 0.764997840 91.070274353
0.807052433 0.022127155 0.590065002 56.309116364 -0.013332688 0.999725759 -0.019253647 -2.983805180 -0.590329230 0.007671553 0.807126045 91.476562500
0.844281852 0.020138191 0.535521030 56.533279419 -0.015734237 0.999794483 -0.012791135 -2.989085674 -0.535668492 0.002373311 0.844425142 91.899063110
0.875735998 0.016526300 0.482507229 56.718589783 -0.016111495 0.999857783 -0.005004131 -2.998614311 -0.482521236 -0.003391613 0.875877678 92.326629639
0.901855350 0.017791152 0.431671619 56.885814667 -0.020056406 0.999798656 0.000695920 -3.006976366 -0.431572229 -0.009285402 0.902030587 92.759864807
0.921876132 0.019752406 0.386981010 56.995922089 -0.023420647 0.999714375 0.004765527 -3.023504734 -0.386776268 -0.013456570 0.922075331 93.157722473
0.937386572 0.025666639 0.347343594 57.127868652 -0.030225297 0.999513268 0.007711779 -3.027958155 -0.346976727 -0.017727481 0.937706172 93.617240906
0.949459255 0.029939551 0.312459230 57.239761353 -0.033854686 0.999401450 0.007111371 -3.028114080 -0.312059253 -0.017330166 0.949904501 94.077621460
0.958876550 0.032385588 0.281969905 57.348033905 -0.035897005 0.999328852 0.007294902 -3.024774551 -0.281544447 -0.017116785 0.959395468 94.539810181
0.965131283 0.027025679 0.260367632 57.461708069 -0.030068226 0.999518096 0.007708821 -3.028483391 -0.260033965 -0.015268818 0.965478659 95.004287720
0.969305038 0.023968969 0.244690329 57.574394226 -0.026952693 0.999597430 0.008852223 -3.037635326 -0.244379699 -0.015175566 0.969560862 95.486511230
0.972132623 0.028907524 0.232642204 57.663185120 -0.031758744 0.999459326 0.008518745 -3.040880203 -0.232270211 -0.015669776 0.972525001 95.990913391
0.974256039 0.034094479 0.222851306 57.759895325 -0.037065424 0.999270856 0.009161232 -3.034526825 -0.222376496 -0.017185466 0.974809349 96.500297546
0.975498140 0.040462878 0.216254756 57.867012024 -0.043060035 0.999045789 0.007309489 -3.021270752 -0.215752661 -0.016442334 0.976309597 96.983146667
0.975840569 0.046356607 0.213509455 57.964012146 -0.048287001 0.998826206 0.003832276 -3.023879528 -0.213081181 -0.014049418 0.976933539 97.501136780
0.975985229 0.048056953 0.212469772 58.077941895 -0.049440686 0.998776436 0.001201271 -3.028350830 -0.212152094 -0.011677075 0.977166831 98.038650513
0.975368261 0.047029823 0.215510741 58.189857483 -0.047575012 0.998864174 -0.002659919 -3.034089565 -0.215391040 -0.007658527 0.976497829 98.577087402
0.974641323 0.045998849 0.218994126 58.322959900 -0.045147065 0.998940825 -0.008894902 -3.040876150 -0.219171301 -0.001217604 0.975685656 99.124107361
0.973867655 0.045030374 0.222607464 58.461288452 -0.043080281 0.998978913 -0.013610968 -3.039693356 -0.222993046 0.003665291 0.974813044 99.670883179
0.972545385 0.049766999 0.227329463 58.582885742 -0.047981154 0.998758674 -0.013378665 -3.045904398 -0.227713078 0.002103830 0.973725975 100.254638672
0.971087754 0.052825261 0.232804775 58.719451904 -0.052041270 0.998599708 -0.009512885 -3.053884983 -0.232981265 -0.002877609 0.972477019 100.841369629
0.970118582 0.049503773 0.237527311 58.870582581 -0.049734410 0.998749852 -0.005025130 -3.061268330 -0.237479135 -0.006938307 0.971367836 101.436019897
0.969354033 0.045491148 0.241419181 59.026573181 -0.047082167 0.998890758 0.000822654 -3.073483706 -0.241113931 -0.012163980 0.970420539 102.058677673
0.968559802 0.043020785 0.245033041 59.185264587 -0.045803763 0.998934388 0.005667574 -3.082498789 -0.244528100 -0.016712818 0.969498158 102.665481567
0.967964530 0.038329873 0.248144165 59.347904205 -0.041180335 0.999131858 0.006304828 -3.085528612 -0.247687072 -0.016321508 0.968702614 103.301727295
0.967975497 0.034915473 0.248604819 59.512798309 -0.036808617 0.999318004 0.002969303 -3.087183475 -0.248331562 -0.012025012 0.968600333 103.944549561
0.968106151 0.034246903 0.248188630 59.679489136 -0.034351647 0.999402225 -0.003909865 -3.093665838 -0.248174131 -0.004740522 0.968703866 104.585479736
0.968327701 0.036637139 0.246980160 59.845527649 -0.035108011 0.999327302 -0.010593705 -3.100245476 -0.247202158 0.001587196 0.968962610 105.222618103
0.968976974 0.039364256 0.243996054 60.011333466 -0.036944333 0.999212265 -0.014488081 -3.103779316 -0.244374156 0.005024344 0.969667971 105.897300720
0.969569802 0.038157091 0.241823256 60.178203583 -0.036729340 0.999271035 -0.010410951 -3.107070208 -0.242044210 0.001212136 0.970264375 106.594528198
0.969951630 0.034130529 0.240892246 60.348728180 -0.034524728 0.999400437 -0.002585208 -3.121371269 -0.240836054 -0.005809210 0.970548391 107.302467346
0.970606506 0.034157090 0.238235638 60.522430420 -0.036026850 0.999344826 0.003497382 -3.134749174 -0.237960070 -0.011977465 0.971201062 108.012069702
0.970862687 0.037630133 0.236663416 60.687637329 -0.039379839 0.999220729 0.002668815 -3.140131474 -0.236378565 -0.011910820 0.971588016 108.742713928
0.971195340 0.043147385 0.234345615 60.848991394 -0.043922178 0.999033213 -0.001914454 -3.145716667 -0.234201580 -0.008433660 0.972151458 109.467033386
0.972062528 0.044261672 0.230511203 61.016883850 -0.043826301 0.999014556 -0.007011139 -3.152527809 -0.230594397 -0.003287189 0.973044395 110.193717957
0.973067582 0.042830244 0.226506129 61.191268921 -0.041644145 0.999082446 -0.010014622 -3.158492327 -0.226727203 0.000312249 0.973958254 110.949783325
0.974052966 0.040827543 0.222607270 61.364456177 -0.039983165 0.999165952 -0.008300597 -3.169310093 -0.222760484 -0.000815321 0.974872828 111.721405029
0.974927604 0.037071459 0.219412744 61.538566589 -0.036595885 0.999310732 -0.006232869 -3.181032658 -0.219492570 -0.001953007 0.975612223 112.494850159
0.975367367 0.035689954 0.217680588 61.711967468 -0.035814069 0.999352813 -0.003376430 -3.191497803 -0.217660204 -0.004502768 0.976014197 113.285827637
0.975690365 0.033004526 0.216654211 61.885864258 -0.033551164 0.999436319 -0.001155637 -3.198949575 -0.216570258 -0.006141456 0.976247728 114.087104797
0.975957155 0.027630586 0.216204047 62.064006805 -0.028317077 0.999598980 0.000077438 -3.205551386 -0.216115206 -0.006197841 0.976348221 114.869354248
0.976053059 0.028591851 0.215645358 62.236022949 -0.029647121 0.999559045 0.001659750 -3.212897539 -0.215502828 -0.008013269 0.976470411 115.671012878
0.975829482 0.034213763 0.215838373 62.407867432 -0.034983899 0.999387801 -0.000252520 -3.221113205 -0.215714872 -0.007304451 0.976429105 116.495971680
0.975520492 0.039226618 0.216381833 62.579761505 -0.039362282 0.999218225 -0.003684378 -3.226640701 -0.216357172 -0.004923097 0.976301849 117.309677124
0.974904358 0.047919676 0.217405602 62.747718811 -0.047930177 0.998837054 -0.005228026 -3.232345343 -0.217403308 -0.005323465 0.976067305 118.139732361
0.973972082 0.053720985 0.220209986 62.919940948 -0.053955689 0.998531044 -0.004953157 -3.238720417 -0.220152617 -0.007057347 0.975439847 118.968719482
0.973113060 0.056540400 0.223280445 63.100051880 -0.057345349 0.998350203 -0.002882487 -3.257824183 -0.223075092 -0.009999111 0.974749923 119.794151306
0.972496986 0.056978844 0.225838721 63.288555145 -0.057734303 0.998326600 -0.003263692 -3.278784513 -0.225646794 -0.009864709 0.974159241 120.629676819
0.972104788 0.055731121 0.227829218 63.468276978 -0.055739000 0.998424828 -0.006404718 -3.285377502 -0.227827311 -0.006472914 0.973680079 121.451332092
0.972092688 0.049733069 0.229264587 63.668365479 -0.049910169 0.998740971 -0.005029717 -3.299073696 -0.229226127 -0.006553282 0.973351181 122.287933350
0.972449660 0.042958137 0.229120553 63.879951477 -0.042621166 0.999070644 -0.006421380 -3.317996502 -0.229183450 -0.003520918 0.973376870 123.124549866
0.972064376 0.042451147 0.230843320 64.067901611 -0.042062432 0.999093175 -0.006607252 -3.331988811 -0.230914444 -0.003287159 0.972968519 123.965660095
0.971620858 0.044602055 0.232300609 64.266174316 -0.045019627 0.998979926 -0.003506462 -3.351309299 -0.232220054 -0.007051134 0.972637713 124.778099060
0.971143603 0.046296988 0.233958706 64.452255249 -0.048202962 0.998834610 0.002431938 -3.363115549 -0.233573437 -0.013639264 0.972243607 125.616401672
0.970776320 0.050356135 0.234643593 64.643295288 -0.053338952 0.998556018 0.006378911 -3.373727083 -0.233983591 -0.018708140 0.972060561 126.444259644
0.970524549 0.049576513 0.235847846 64.839172363 -0.051089298 0.998694003 0.000303861 -3.391870260 -0.235524744 -0.012344208 0.971789956 127.280632019
0.970803142 0.045811009 0.235463053 65.035995483 -0.043645009 0.998943269 -0.014405183 -3.401326418 -0.235874161 0.003707807 0.971776545 128.081039429
