1.000000000 0.000000000 0.000000000 0.000000000 0.000000000 1.000000000 0.000000000 0.000000000 0.000000000 0.000000000 1.000000000 0.000000000
0.999999940 -0.000279707 0.000143583 -0.011836924 0.000279493 0.999998868 0.001484463 -0.013935221 -0.000143998 -0.001484423 0.999998868 1.320618629
0.999998271 -0.001741878 -0.000530156 -0.015780078 0.001742779 0.999997020 0.001704686 -0.037333060 0.000527185 -0.001705607 0.999998391 2.610181808
0.999995410 -0.002991755 -0.000482696 -0.022011526 0.002992153 0.999995172 0.000825506 -0.055491436 0.000480224 -0.000826946 0.999999523 3.925631046
0.999995470 -0.002980521 -0.000430956 -0.032061148 0.002980870 0.999995232 0.000811325 -0.074201375 0.000428536 -0.000812606 0.999999583 5.235623360
0.999991953 -0.003972369 -0.000421869 -0.029752893 0.003973141 0.999990404 0.001847324 -0.098090723 0.000414526 -0.001848985 0.999998152 6.563844681
0.999986291 -0.005232263 -0.000155984 -0.039666463 0.005232707 0.999981821 0.002995421 -0.113390744 0.000140309 -0.002996196 0.999995530 7.880270004
0.999988496 -0.004818960 -0.000197554 -0.046827376 0.004819616 0.999982357 0.003461953 -0.132363364 0.000180867 -0.003462866 0.999993980 9.220865250
0.999992549 -0.003819994 -0.000592546 -0.055160522 0.003820945 0.999991357 0.001612383 -0.148918077 0.000586381 -0.001614635 0.999998569 10.563595772
0.999998510 -0.001462270 -0.000921089 -0.058585528 0.001461891 0.999998868 -0.000411332 -0.174118564 0.000921690 0.000409985 0.999999464 11.898227692
0.999997139 0.002321264 -0.000583231 -0.070092976 -0.002321989 0.999996543 -0.001244154 -0.194914326 0.000580341 0.001245504 0.999998987 13.250365257
0.999988854 0.004694675 -0.000533829 -0.086688876 -0.004695410 0.999987960 -0.001383567 -0.217268661 0.000527327 0.001386058 0.999998927 14.583531380
0.999982834 0.005844040 -0.000486343 -0.093242213 -0.005844333 0.999982715 -0.000599683 -0.235256344 0.000482830 0.000602515 0.999999762 15.934355736
0.999995112 0.003127787 0.000201624 -0.102653421 -0.003128253 0.999992311 0.002353894 -0.263398856 -0.000194260 -0.002354513 0.999997199 17.278039932
0.999999225 -0.001261143 0.000032680 -0.100103341 0.001260999 0.999990821 0.004088275 -0.281143516 -0.000037835 -0.004088230 0.999991596 18.626281738
0.999993622 -0.003567087 -0.000102142 -0.103507735 0.003567288 0.999991536 0.002047563 -0.301663399 0.000094838 -0.002047915 0.999997914 19.969232559
0.999989390 -0.004603341 -0.000006593 -0.114121310 0.004603341 0.999989390 0.000054834 -0.318984538 0.000006340 -0.000054864 1.000000000 21.320947647
0.999998391 -0.001639903 0.000734945 -0.121757440 0.001641031 0.999997497 -0.001536904 -0.343292803 -0.000732422 0.001538107 0.999998569 22.660667419
0.999998868 0.000832207 0.001211063 -0.127818957 -0.000833152 0.999999464 0.000780424 -0.366144717 -0.001210413 -0.000781433 0.999999046 24.034469604
0.999997973 0.000969578 0.001775592 -0.133712441 -0.000977427 0.999989748 0.004424753 -0.387124807 -0.001771284 -0.004426479 0.999988616 25.396451950
0.999996543 -0.001035137 0.002418771 -0.134038717 0.001020398 0.999980986 0.006086608 -0.394575030 -0.002425025 -0.006084120 0.999978483 26.781867981
0.999984205 -0.005299464 0.001868898 -0.132413119 0.005291080 0.999976039 0.004462787 -0.411653936 -0.001892504 -0.004452828 0.999988258 28.148139954
0.999984801 -0.005055314 0.002191777 -0.141333669 0.005050834 0.999985099 0.002044711 -0.424879789 -0.002202081 -0.002033609 0.999995530 29.512971878
0.999980092 -0.005746791 0.002604420 -0.135888234 0.005748561 0.999983251 -0.000672796 -0.445487946 -0.002600509 0.000687754 0.999996305 30.899730682
0.999992728 -0.002211540 0.003112524 -0.145612091 0.002216115 0.999996483 -0.001467425 -0.467234612 -0.003109267 0.001474313 0.999994040 32.278514862
0.999991953 -0.001190986 0.003823473 -0.153394967 0.001203916 0.999993563 -0.003381141 -0.496610224 -0.003819422 0.003385716 0.999986947 33.644580841
0.999992788 -0.000497914 0.003746432 -0.151711822 0.000508511 0.999995887 -0.002828001 -0.518073559 -0.003745008 0.002829886 0.999988914 35.037731171
0.999993563 -0.000279531 0.003593358 -0.158464432 0.000284810 0.999998868 -0.001468666 -0.544551790 -0.003592943 0.001469680 0.999992430 36.412696838
0.999993801 0.000874016 0.003384867 -0.160237134 -0.000873793 0.999999583 -0.000067334 -0.566824198 -0.003384925 0.000064376 0.999994278 37.824962616
0.999986112 0.003821893 0.003629238 -0.177067310 -0.003822130 0.999992728 0.000058317 -0.585475385 -0.003628989 -0.000072188 0.999993443 39.215148926
0.999976397 0.005829568 0.003639561 -0.169890732 -0.005829440 0.999983013 -0.000045551 -0.612972796 -0.003639765 0.000024334 0.999993384 40.617835999
0.999961734 0.007888351 0.003776475 -0.180530295 -0.007890516 0.999968648 0.000558771 -0.633896530 -0.003771948 -0.000588548 0.999992728 42.026306152
0.999956310 0.008732674 0.003326986 -0.184463412 -0.008733997 0.999961734 0.000383711 -0.657320797 -0.003323507 -0.000412752 0.999994397 43.415775299
0.999965310 0.007849864 0.002779639 -0.188315064 -0.007850182 0.999969244 0.000103652 -0.675882876 -0.002778739 -0.000125469 0.999996126 44.823646545
0.999969542 0.007448011 0.002334338 -0.193216503 -0.007447476 0.999972224 -0.000237601 -0.701255262 -0.002336043 0.000220209 0.999997258 46.232257843
0.999975562 0.006822983 0.001485795 -0.198709354 -0.006822686 0.999976695 -0.000204417 -0.719644666 -0.001487156 0.000194275 0.999998868 47.635955811
0.999976873 0.006790114 0.000200219 -0.195734322 -0.006790348 0.999976218 0.001192448 -0.748201728 -0.000192118 -0.001193780 0.999999285 49.061748505
0.999975622 0.006901188 -0.001005317 -0.204392403 -0.006900026 0.999975502 0.001155149 -0.769758105 0.001013264 -0.001148184 0.999998868 50.468372345
0.999970675 0.007428426 -0.001821345 -0.224559367 -0.007426103 0.999971628 0.001278692 -0.788483500 0.001830792 -0.001265129 0.999997497 51.870773315
0.999969363 0.007116476 -0.003236627 -0.234660462 -0.007107781 0.999971151 0.002689990 -0.815650880 0.003255677 -0.002666903 0.999991119 53.293582916
0.999977291 0.005544668 -0.003831502 -0.245488778 -0.005531827 0.999979198 0.003354085 -0.837244868 0.003850020 -0.003332814 0.999987006 54.719455719
0.999983788 0.003795098 -0.004252111 -0.259216398 -0.003778972 0.999985754 0.003793843 -0.856441557 0.004266448 -0.003777713 0.999983728 56.157966614
0.999986231 0.002116682 -0.004795930 -0.265873373 -0.002103440 0.999993980 0.002764401 -0.874832034 0.004801753 -0.002754275 0.999984682 57.573146820
0.999985576 0.000415653 -0.005354810 -0.276544869 -0.000396442 0.999993503 0.003588096 -0.899863064 0.005356266 -0.003585921 0.999979258 58.996852875
0.999989748 -0.000294534 -0.004499304 -0.287705868 0.000311013 0.999993384 0.003662178 -0.913868546 0.004498195 -0.003663541 0.999983191 60.391979218
0.999989450 -0.001452175 -0.004338322 -0.292279124 0.001472718 0.999987721 0.004735830 -0.936042130 0.004331391 -0.004742169 0.999979377 61.829025269
0.999988556 -0.003251863 -0.003496949 -0.310837239 0.003267359 0.999984741 0.004434740 -0.961986542 0.003482475 -0.004446115 0.999984026 63.198432922
0.999983132 -0.004995672 -0.002967340 -0.322500229 0.005005919 0.999981463 0.003455948 -0.977991700 0.002950021 -0.003470744 0.999989629 64.614570618
0.999980688 -0.005459335 -0.002963355 -0.318156064 0.005469452 0.999979198 0.003416949 -1.000398874 0.002944639 -0.003433092 0.999989748 65.990707397
0.999986708 -0.004698394 -0.002144560 -0.326449960 0.004705824 0.999982893 0.003472604 -1.022719145 0.002128208 -0.003482649 0.999991715 67.407989502
0.999998212 -0.000989060 -0.001582738 -0.345644116 0.000996291 0.999989033 0.004574849 -1.045999050 0.001578196 -0.004576419 0.999988198 68.780456543
0.999997973 0.001948875 -0.000542669 -0.364056200 -0.001945631 0.999980569 0.005914844 -1.061102390 0.000554186 -0.005913776 0.999982297 70.184913635
0.999983788 0.005690767 0.000170526 -0.376471311 -0.005691722 0.999964297 0.006256308 -1.075394034 -0.000134917 -0.006257178 0.999980390 71.592613220
0.999945104 0.010454823 0.000630806 -0.384428650 -0.010458285 0.999928713 0.005757179 -1.092856765 -0.000570571 -0.005763459 0.999983191 72.995979309
0.999910772 0.013294301 0.001243272 -0.399601549 -0.013300738 0.999897361 0.005320262 -1.112141848 -0.001172415 -0.005336323 0.999985099 74.384101868
0.999886036 0.014970228 0.001938883 -0.404745400 -0.014980088 0.999874413 0.005174818 -1.129954934 -0.001861171 -0.005203274 0.999984741 75.780372620
0.999882817 0.015116788 0.002396972 -0.421843886 -0.015129744 0.999870479 0.005482050 -1.147227168 -0.002313791 -0.005517673 0.999982119 77.166488647
0.999890566 0.014556832 0.002645097 -0.426191837 -0.014569891 0.999881327 0.004987267 -1.163710117 -0.002572185 -0.005025259 0.999984026 78.556030273
0.999910355 0.013166945 0.002433008 -0.429713070 -0.013176936 0.999904573 0.004137152 -1.183379412 -0.002378301 -0.004168840 0.999988496 79.937568665
0.999921978 0.012305628 0.002138001 -0.430208325 -0.012314528 0.999915361 0.004200966 -1.202366114 -0.002086124 -0.004226967 0.999988914 81.317131042
0.999921322 0.012403226 0.001872535 -0.436764956 -0.012411060 0.999914050 0.004231522 -1.220532894 -0.001819890 -0.004254430 0.999989212 82.685203552
0.999930739 0.011709160 0.001159531 -0.436406761 -0.011713502 0.999924123 0.003812195 -1.241714597 -0.001114806 -0.003825514 0.999992013 84.052413940
0.999926686 0.012104940 0.000550430 -0.456409693 -0.012107145 0.999917924 0.004194172 -1.257454395 -0.000499615 -0.004200528 0.999991059 85.435897827
0.999936044 0.011294407 -0.000538558 -0.459350586 -0.011291546 0.999923468 0.005051386 -1.281039715 0.000595569 -0.005044983 0.999987066 86.801033020
0.999958098 0.009027974 -0.001494346 -0.465931296 -0.009018659 0.999940574 0.006126997 -1.300432444 0.001549571 -0.006113262 0.999980092 88.176582336
0.999972939 0.006810390 -0.002766175 -0.476141751 -0.006791765 0.999954581 0.006687833 -1.317571402 0.002811596 -0.006668865 0.999973834 89.550949097
0.999983549 0.004491598 -0.003559525 -0.484048396 -0.004466808 0.999965906 0.006942284 -1.337314606 0.003590586 -0.006926271 0.999969482 90.894577026
0.999985933 0.003335828 -0.004117548 -0.494795620 -0.003310283 0.999975264 0.006195461 -1.350951076 0.004138112 -0.006181745 0.999972284 92.290565491
0.999988079 0.002435403 -0.004221910 -0.500413597 -0.002410188 0.999979317 0.005967175 -1.375340343 0.004236356 -0.005956929 0.999973238 93.611854553
0.999987721 0.002443382 -0.004320388 -0.513676286 -0.002419739 0.999982178 0.005469093 -1.390560865 0.004333674 -0.005458571 0.999975741 94.990699768
0.999987841 0.002668980 -0.004152657 -0.529424727 -0.002649114 0.999985158 0.004781974 -1.411527753 0.004165359 -0.004770916 0.999979973 96.335144043
0.999985635 0.003359991 -0.004187891 -0.544861674 -0.003342161 0.999985337 0.004257109 -1.433020711 0.004202134 -0.004243052 0.999982238 97.675407410
0.999982357 0.004708651 -0.003614501 -0.555671573 -0.004693026 0.999979615 0.004318947 -1.451423645 0.003634764 -0.004301907 0.999984145 99.016105652
0.999980450 0.005162030 -0.003517159 -0.570047319 -0.005141413 0.999969721 0.005845909 -1.468445778 0.003547230 -0.005827712 0.999976754 100.347244263
0.999973118 0.006486255 -0.003453375 -0.580627263 -0.006460971 0.999952614 0.007283182 -1.490680456 0.003500452 -0.007260674 0.999967515 101.697837830
0.999977350 0.005869153 -0.003307229 -0.594519496 -0.005849253 0.999964893 0.005995106 -1.507825255 0.003342299 -0.005975625 0.999976575 103.028343201
0.999978006 0.005884857 -0.003063719 -0.608043551 -0.005873849 0.999976277 0.003590204 -1.526238084 0.003084774 -0.003572128 0.999988854 104.350708008
0.999982715 0.004746443 -0.003485180 -0.612181306 -0.004738576 0.999986172 0.002262175 -1.540733337 0.003495869 -0.002245621 0.999991357 105.703063965
0.999989986 0.002999318 -0.003322064 -0.624245465 -0.002987556 0.999989271 0.003539922 -1.561692715 0.003332645 -0.003529962 0.999988198 107.035995483
0.999995410 0.000727428 -0.002964526 -0.636962891 -0.000712237 0.999986589 0.005122164 -1.574683905 0.002968212 -0.005120029 0.999982476 108.363174438
0.999997735 -0.000827824 -0.001914989 -0.639350474 0.000838884 0.999982953 0.005782064 -1.593609095 0.001910169 -0.005783658 0.999981463 109.701820374
0.999997854 -0.001739424 -0.001085141 -0.647355378 0.001744444 0.999987721 0.004641917 -1.610998869 0.001077053 -0.004643800 0.999988675 111.020988464
0.999999881 0.000089754 -0.000432449 -0.658222377 -0.000088753 0.999997318 0.002314621 -1.632822037 0.000432655 -0.002314582 0.999997199 112.354728699
0.999997258 0.002135960 0.001015020 -0.672048032 -0.002136335 0.999997675 0.000368273 -1.656796336 -0.001014231 -0.000370440 0.999999404 113.682014465
0.999981821 0.005621765 0.002153480 -0.676344156 -0.005622314 0.999984145 0.000248601 -1.677349448 -0.002152049 -0.000260704 0.999997616 115.004386902
0.999969244 0.006817325 0.003869206 -0.687761366 -0.006824261 0.999975145 0.001782253 -1.691050291 -0.003856960 -0.001808603 0.999990940 116.354995728
0.999966621 0.006619942 0.004786998 -0.684694648 -0.006641509 0.999967813 0.004503331 -1.717784882 -0.004757032 -0.004534975 0.999978423 117.677803040
0.999964893 0.006266625 0.005563661 -0.684542716 -0.006292030 0.999969780 0.004560724 -1.729006529 -0.005534912 -0.004595571 0.999974132 119.015426636
0.999960124 0.006076930 0.006545763 -0.680872858 -0.006105812 0.999971628 0.004401441 -1.748662472 -0.006518831 -0.004441232 0.999968886 120.354614258
0.999935925 0.008175060 0.007834136 -0.679914713 -0.008206722 0.999958277 0.004017738 -1.765401840 -0.007800964 -0.004081773 0.999961257 121.688423157
0.999906540 0.010143182 0.009160512 -0.682898521 -0.010175714 0.999942064 0.003511832 -1.785619736 -0.009124361 -0.003604720 0.999951899 123.022056580
0.999889910 0.010738688 0.010231845 -0.676718473 -0.010761031 0.999939859 0.002131176 -1.796633244 -0.010208342 -0.002241047 0.999945462 124.362068176
0.999861002 0.012393495 0.011150694 -0.673763514 -0.012411855 0.999921679 0.001578614 -1.823933721 -0.011130257 -0.001716795 0.999936581 125.706878662
0.999870062 0.010865403 0.011906030 -0.661974192 -0.010884623 0.999939501 0.001550503 -1.840373755 -0.011888462 -0.001679894 0.999927938 127.066246033
0.999863148 0.010531469 0.012754009 -0.647752762 -0.010566751 0.999940455 0.002702092 -1.865509510 -0.012724793 -0.002836491 0.999915004 128.408248901
0.999870300 0.008860615 0.013442213 -0.634736896 -0.008902836 0.999955535 0.003084349 -1.878614426 -0.013414286 -0.003203622 0.999904811 129.754699707
0.999863863 0.008484106 0.014153139 -0.627712131 -0.008537398 0.999956667 0.003709361 -1.899108529 -0.014121055 -0.003829686 0.999892950 131.096984863
0.999876499 0.006423080 0.014341187 -0.616013408 -0.006478063 0.999971807 0.003790832 -1.913539171 -0.014316432 -0.003883267 0.999889910 132.442733765
0.999893188 0.004596659 0.013874604 -0.598668337 -0.004659741 0.999978960 0.004517755 -1.937622309 -0.013853547 -0.004581924 0.999893546 133.805404663
0.999906719 0.003105788 0.013301856 -0.589599133 -0.003161889 0.999986172 0.004198636 -1.954655409 -0.013288633 -0.004240303 0.999902725 135.154983521
0.999923289 0.001672744 0.012277645 -0.584419489 -0.001721304 0.999990821 0.003945746 -1.968752861 -0.012270931 -0.003966577 0.999916792 136.492660522
0.999939561 0.000333811 0.010982745 -0.560817480 -0.000389904 0.999986887 0.005105676 -1.993303537 -0.010980897 -0.005109650 0.999926567 137.855834961
0.999948442 -0.001254048 0.010077423 -0.554444075 0.001201199 0.999985516 0.005248632 -2.009677649 -0.010083858 -0.005236255 0.999935448 139.193786621
0.999962449 -0.001372158 0.008572067 -0.540358067 0.001327676 0.999985635 0.005192743 -2.027221441 -0.008579071 -0.005181168 0.999949753 140.542236328
0.999969542 -0.001739332 0.007596922 -0.539543509 0.001703577 0.999987423 0.004710520 -2.044219732 -0.007605020 -0.004697436 0.999960065 141.886627197
0.999977231 -0.001637025 0.006550942 -0.540076017 0.001607437 0.999988496 0.004519262 -2.067707062 -0.006558264 -0.004508629 0.999968290 143.214248657
0.999974489 -0.004516511 0.005543927 -0.535706997 0.004505743 0.999987960 0.001953302 -2.083112717 -0.005552682 -0.001928273 0.999982715 144.557037354
0.999934971 -0.010463723 0.004521720 -0.524542749 0.010456500 0.999944031 0.001618567 -2.104549408 -0.004538402 -0.001571181 0.999988496 145.910842896
0.999841034 -0.017404521 0.003862271 -0.520284593 0.017389020 0.999840796 0.004012505 -2.123078108 -0.003931492 -0.003944706 0.999984503 147.257965088
0.999690711 -0.024766626 0.002282409 -0.513487220 0.024755158 0.999681413 0.004922439 -2.134454727 -0.002403594 -0.004864415 0.999985337 148.610626221
0.999606073 -0.028051792 0.000867300 -0.499113560 0.028050024 0.999604523 0.001986569 -2.162378073 -0.000922684 -0.001961458 0.999997675 149.958587646
0.999628305 -0.027215855 0.001581592 -0.504200339 0.027218275 0.999628305 -0.001528494 -2.178911686 -0.001539405 0.001570974 0.999997616 151.303573608
0.999699771 -0.024410123 0.002142227 -0.520060658 0.024415795 0.999698341 -0.002663850 -2.220056057 -0.002076555 0.002715354 0.999994099 152.607513428
0.999702513 -0.024206130 0.002998848 -0.508998692 0.024214718 0.999702632 -0.002861897 -2.249948263 -0.002928680 0.002933662 0.999991357 154.003295898
0.999617636 -0.027396202 0.003747319 -0.510848522 0.027393818 0.999624431 0.000686861 -2.272263050 -0.003764729 -0.000583945 0.999992788 155.356094360
0.999458194 -0.032616489 0.004427862 -0.502253175 0.032601211 0.999462366 0.003480405 -2.295255423 -0.004538999 -0.003334166 0.999984205 156.694763184
0.999324679 -0.036535569 0.003901309 -0.476769507 0.036516469 0.999321222 0.004860581 -2.315617323 -0.004076245 -0.004714839 0.999980509 158.052780151
0.999284685 -0.037581220 0.004209754 -0.475366414 0.037561711 0.999283612 0.004622544 -2.326939583 -0.004380459 -0.004461113 0.999980390 159.401138306
0.999346554 -0.035736904 0.005419021 -0.487299383 0.035708807 0.999348700 0.005195963 -2.347298861 -0.005601180 -0.004999060 0.999971747 160.743087769
0.999462664 -0.032175515 0.006250139 -0.482251287 0.032146454 0.999472141 0.004695446 -2.370341778 -0.006397919 -0.004492003 0.999969423 162.096176147
0.999566019 -0.028630711 0.006925914 -0.483986855 0.028612616 0.999586940 0.002697017 -2.386884689 -0.007000270 -0.002497677 0.999972403 163.431320190
0.999636173 -0.025767438 0.007975435 -0.482251644 0.025752822 0.999666393 0.001930299 -2.404906034 -0.008022514 -0.001724207 0.999966323 164.794265747
0.999675989 -0.023957700 0.008594370 -0.481945157 0.023930660 0.999708354 0.003235301 -2.423048973 -0.008669375 -0.003028583 0.999957860 166.160034180
0.999715030 -0.022518035 0.007914189 -0.471274376 0.022494826 0.999742448 0.003009178 -2.448799133 -0.007979911 -0.002830292 0.999964178 167.512786865
0.999761462 -0.020436760 0.007695975 -0.468651056 0.020431891 0.999791026 0.000710934 -2.467465639 -0.007708896 -0.000553521 0.999970138 168.874923706
0.999834597 -0.016778730 0.007015368 -0.471416712 0.016795306 0.999856293 -0.002310641 -2.487996101 -0.006975590 0.002428083 0.999972701 170.247726440
0.999912679 -0.011227797 0.006960602 -0.476701260 0.011254242 0.999929547 -0.003771886 -2.509313822 -0.006917761 0.003849893 0.999968648 171.614883423
0.999951065 -0.006710271 0.007272903 -0.481608033 0.006729182 0.999973953 -0.002578804 -2.532535553 -0.007255411 0.002627618 0.999970198 172.984359741
0.999961197 -0.003846784 0.007922107 -0.485181332 0.003850915 0.999992430 -0.000506401 -2.559890509 -0.007920101 0.000536889 0.999968410 174.346817017
0.999964952 -0.002903879 0.007846316 -0.481356740 0.002890668 0.999994397 0.001694458 -2.580855608 -0.007851192 -0.001671718 0.999967754 175.736846924
0.999953866 -0.006396386 0.007160363 -0.480160713 0.006375698 0.999975443 0.002908289 -2.604290247 -0.007178790 -0.002862502 0.999970138 177.107574463
0.999950111 -0.008325913 0.005513224 -0.472915709 0.008310831 0.999961674 0.002752840 -2.619344711 -0.005535933 -0.002706883 0.999980986 178.491394043
0.999957681 -0.008396059 0.003756926 -0.475174248 0.008402142 0.999963403 -0.001605926 -2.639421940 -0.003743306 0.001637424 0.999991655 179.886413574
0.999969840 -0.007499584 0.002012496 -0.469061911 0.007510518 0.999956906 -0.005481692 -2.667232037 -0.001971298 0.005496643 0.999982953 181.277816772
0.999995112 -0.002791746 0.001414647 -0.480905771 0.002800220 0.999977887 -0.006024256 -2.696472645 -0.001397798 0.006028188 0.999980867 182.675735474
0.999998868 0.000681682 0.001277125 -0.490813375 -0.000675181 0.999986827 -0.005084284 -2.727048874 -0.001280574 0.005083417 0.999986231 184.070175171
0.999993980 0.002989308 0.001742969 -0.503970325 -0.002986497 0.999994159 -0.001612453 -2.753965855 -0.001747779 0.001607238 0.999997199 185.459640503
0.999992013 0.003489174 0.001936458 -0.506522775 -0.003490202 0.999993682 0.000527529 -2.778036833 -0.001934605 -0.000534284 0.999997973 186.866149902
0.999995172 0.002538889 0.001745329 -0.502988815 -0.002541186 0.999995887 0.001314895 -2.794594526 -0.001741984 -0.001319324 0.999997556 188.285644531
0.999997973 0.000933559 0.001740266 -0.508460879 -0.000937170 0.999997377 0.002075295 -2.810936928 -0.001738324 -0.002076922 0.999996305 189.712951660
0.999996424 -0.001542564 0.002195619 -0.517647862 0.001537333 0.999996006 0.002382163 -2.836825132 -0.002199285 -0.002378780 0.999994695 191.113479614
0.999989986 -0.003607588 0.002676251 -0.524480939 0.003601987 0.999991417 0.002094695 -2.849843025 -0.002683785 -0.002085035 0.999994218 192.549926758
0.999967873 -0.007550470 0.002679192 -0.513616860 0.007540859 0.999965131 0.003579553 -2.876103401 -0.002706126 -0.003559235 0.999989927 193.977722168
0.999922574 -0.012063907 0.003033020 -0.510279298 0.012048926 0.999915302 0.004909720 -2.890847206 -0.003091993 -0.004872795 0.999983311 195.414596558
0.999886930 -0.014684034 0.003238990 -0.503634751 0.014668133 0.999880493 0.004879484 -2.909665346 -0.003310253 -0.004831422 0.999982834 196.832901001
0.999919116 -0.012142445 0.003783983 -0.512357175 0.012140470 0.999926150 0.000544932 -2.928006411 -0.003790321 -0.000498948 0.999992728 198.259902954
0.999976695 -0.005346661 0.004246279 -0.521608055 0.005365677 0.999975562 -0.004479900 -2.952456236 -0.004222223 0.004502580 0.999980927 199.668075562
0.999971867 0.004482611 0.006020457 -0.539574146 -0.004455197 0.999979734 -0.004559351 -2.978338718 -0.006040773 0.004532400 0.999971509 201.105514526
0.999911427 0.011416764 0.006838600 -0.552914143 -0.011411815 0.999934733 -0.000762027 -3.003158569 -0.006846852 0.000683919 0.999976337 202.543594360
0.999891460 0.012663325 0.007530026 -0.555016994 -0.012673421 0.999918878 0.001294544 -3.023831606 -0.007513022 -0.001389835 0.999970853 203.988143921
0.999913633 0.010978422 0.007213388 -0.547218442 -0.010991269 0.999938011 0.001743671 -3.045144796 -0.007193799 -0.001822805 0.999972463 205.447250366
0.999953985 0.007498702 0.005984360 -0.539669752 -0.007510527 0.999969840 0.001956002 -3.066762924 -0.005969512 -0.002000858 0.999980211 206.895507812
0.999968350 0.005879441 0.005357698 -0.546345592 -0.005886907 0.999981701 0.001378752 -3.086779833 -0.005349495 -0.001410249 0.999984622 208.364929199
0.999973416 0.005621608 0.004648420 -0.537120044 -0.005625092 0.999983907 0.000736725 -3.113564253 -0.004644204 -0.000762853 0.999988914 209.821594238
0.999963284 0.007139533 0.004733466 -0.542779684 -0.007144145 0.999974012 0.000958247 -3.133763313 -0.004726501 -0.000992028 0.999988377 211.283264160
0.999957561 0.008065590 0.004449573 -0.547054410 -0.008073918 0.999965608 0.001856776 -3.157052517 -0.004434444 -0.001892623 0.999988377 212.749481201
0.999962151 0.007440608 0.004515475 -0.552541792 -0.007446907 0.999971271 0.001380034 -3.178309441 -0.004505076 -0.001413608 0.999988854 214.220733643
0.999968827 0.006733649 0.004122354 -0.553489804 -0.006736163 0.999977112 0.000595906 -3.204779863 -0.004118246 -0.000623657 0.999991298 215.677993774
0.999973595 0.006102923 0.003925725 -0.555310071 -0.006103939 0.999981284 0.000246816 -3.224518061 -0.003924145 -0.000270772 0.999992192 217.137603760
0.999973297 0.006438482 0.003464704 -0.558577538 -0.006439094 0.999979258 0.000165680 -3.248217583 -0.003463566 -0.000187985 0.999993980 218.615982056
0.999970078 0.006885787 0.003525808 -0.568889141 -0.006885280 0.999976218 -0.000156046 -3.270736217 -0.003526801 0.000131766 0.999993742 220.086380005
0.999971509 0.006945237 0.002943630 -0.566222608 -0.006944404 0.999975801 -0.000293044 -3.294008255 -0.002945594 0.000272594 0.999995589 221.581314087
0.999967277 0.007614026 0.002783738 -0.576890409 -0.007612722 0.999970913 -0.000478800 -3.322448730 -0.002787302 0.000457593 0.999995947 223.057418823
0.999971390 0.007156083 0.002462385 -0.581307173 -0.007155358 0.999974310 -0.000303300 -3.348727703 -0.002464492 0.000285672 0.999996901 224.544052124
0.999963224 0.008265775 0.002287724 -0.587117434 -0.008264660 0.999965668 -0.000496854 -3.375417709 -0.002291752 0.000477929 0.999997258 226.044296265
0.999972284 0.007146613 0.002041515 -0.590195656 -0.007145421 0.999974251 -0.000591137 -3.396453381 -0.002045687 0.000576533 0.999997735 227.535079956
0.999978483 0.006003099 0.002655162 -0.613746166 -0.006001373 0.999981761 -0.000657583 -3.426011324 -0.002659061 0.000641634 0.999996185 229.021102905
0.999984980 0.004716761 0.002798712 -0.619549990 -0.004715753 0.999988735 -0.000366205 -3.451747656 -0.002800408 0.000353001 0.999995947 230.517395020
0.999988019 0.003718006 0.003188941 -0.629601777 -0.003718784 0.999993086 0.000237911 -3.474721909 -0.003188034 -0.000249767 0.999994874 232.019927979
0.999989212 0.003503650 0.003062811 -0.630399168 -0.003506670 0.999993384 0.000981194 -3.505717754 -0.003059353 -0.000991924 0.999994874 233.526992798
0.999984443 0.004348332 0.003468090 -0.643384218 -0.004349703 0.999990463 0.000388491 -3.532835007 -0.003466368 -0.000403570 0.999993920 235.033752441
0.999984443 0.004328108 0.003524513 -0.645089984 -0.004327886 0.999990642 -0.000070544 -3.558493137 -0.003524785 0.000055289 0.999993801 236.539428711
0.999973178 0.005909278 0.004306712 -0.652647734 -0.005911977 0.999982297 0.000614491 -3.583392143 -0.004303005 -0.000639935 0.999990523 238.044113159
0.999967515 0.006244020 0.005089981 -0.654307365 -0.006257224 0.999977112 0.002582386 -3.601145983 -0.005073741 -0.002614151 0.999983668 239.563415527
0.999963403 0.006228624 0.005865204 -0.659317136 -0.006247589 0.999975264 0.003220619 -3.629451513 -0.005844999 -0.003257144 0.999977529 241.060272217
0.999955475 0.006544332 0.006792482 -0.665807009 -0.006556432 0.999976993 0.001760638 -3.654854298 -0.006780804 -0.001805094 0.999975324 242.562820435
0.999955833 0.006510981 0.006775138 -0.654967546 -0.006515326 0.999978542 0.000619489 -3.679584503 -0.006770959 -0.000663604 0.999976873 244.094696045
0.999948800 0.006872784 0.007431273 -0.655747056 -0.006884324 0.999975204 0.001528186 -3.705244780 -0.007420585 -0.001579267 0.999971271 245.613616943
0.999953210 0.006627838 0.007034099 -0.648902416 -0.006643589 0.999975383 0.002218261 -3.729309082 -0.007019224 -0.002264889 0.999972761 247.148117065
0.999951243 0.006864827 0.007091889 -0.652533531 -0.006884925 0.999972343 0.002813055 -3.757930279 -0.007072381 -0.002861745 0.999970913 248.675979614
0.999952376 0.006973987 0.006824534 -0.643598914 -0.006995470 0.999970615 0.003129060 -3.781861782 -0.006802512 -0.003176652 0.999971807 250.210739136
0.999937892 0.008721355 0.006931939 -0.650152206 -0.008744373 0.999956310 0.003297289 -3.802463293 -0.006902880 -0.003357700 0.999970555 251.725479126
0.999923766 0.010068436 0.007148201 -0.651423931 -0.010093301 0.999943018 0.003450901 -3.826045036 -0.007113049 -0.003522787 0.999968529 253.241806030
0.999913871 0.010558843 0.007795459 -0.659930944 -0.010586157 0.999937952 0.003470749 -3.844442844 -0.007758328 -0.003552974 0.999963582 254.789031982
0.999936938 0.008511833 0.007326926 -0.655592322 -0.008540538 0.999955952 0.003895543 -3.867320061 -0.007293444 -0.003957874 0.999965608 256.328369141
0.999946237 0.007039394 0.007611318 -0.648339987 -0.007072128 0.999965787 0.004282193 -3.879218817 -0.007580913 -0.004335791 0.999961853 257.880920410
0.999956906 0.005258015 0.007652713 -0.637507677 -0.005295790 0.999973834 0.004924228 -3.897103786 -0.007626622 -0.004964544 0.999958575 259.428436279
0.999964654 0.003942607 0.007416498 -0.628488898 -0.003975579 0.999982178 0.004436346 -3.917529106 -0.007398875 -0.004465674 0.999962687 260.958953857
0.999970555 0.002864834 0.007118290 -0.623613238 -0.002887949 0.999990582 0.003239070 -3.938401222 -0.007108944 -0.003259532 0.999969423 262.496398926
0.999970555 0.001095952 0.007599703 -0.618816137 -0.001129747 0.999989450 0.004444009 -3.947509050 -0.007594753 -0.004452463 0.999961257 264.043579102
0.999962687 -0.000190822 0.008633029 -0.628934860 0.000132313 0.999976993 0.006777414 -3.968428612 -0.008634123 -0.006776018 0.999939740 265.558898926
0.999962211 -0.001000871 0.008632919 -0.620050192 0.000952296 0.999983728 0.005628952 -3.977777481 -0.008638411 -0.005620518 0.999946892 267.102996826
0.999959469 -0.001804892 0.008818193 -0.606340885 0.001762352 0.999986768 0.004829545 -3.995945454 -0.008826794 -0.004813809 0.999949396 268.642791748
0.999953747 -0.001206194 0.009532727 -0.603737354 0.001162431 0.999988735 0.004595095 -4.016559601 -0.009538162 -0.004583802 0.999943972 270.189178467
0.999945998 0.000441948 0.010374701 -0.596871138 -0.000491877 0.999988317 0.004810568 -4.040123463 -0.010372454 -0.004815411 0.999934614 271.727569580
0.999934018 0.001676452 0.011359423 -0.593237877 -0.001727544 0.999988556 0.004489442 -4.056970596 -0.011351767 -0.004508770 0.999925375 273.270111084
0.999915123 0.003518178 0.012546970 -0.588933706 -0.003571527 0.999984622 0.004232090 -4.077587128 -0.012531890 -0.004276542 0.999912322 274.816436768
0.999901116 0.004436396 0.013350723 -0.575056076 -0.004489840 0.999981999 0.003975844 -4.100116730 -0.013332845 -0.004035393 0.999902964 276.353973389
0.999883533 0.005670661 0.014164633 -0.559110165 -0.005717995 0.999978185 0.003303385 -4.137486935 -0.014145589 -0.003383993 0.999894202 277.886810303
0.999872148 0.005238107 0.015102983 -0.544011593 -0.005279798 0.999982357 0.002721868 -4.153574944 -0.015088459 -0.002801262 0.999882221 279.449829102
0.999866843 0.004127920 0.015786881 -0.515776634 -0.004181559 0.999985516 0.003366073 -4.180806160 -0.015772758 -0.003431638 0.999869704 281.007904053
0.999862671 0.002956723 0.016302416 -0.491873741 -0.003029982 0.999985456 0.004470887 -4.200524807 -0.016288958 -0.004519670 0.999857068 282.601104736
0.999849021 0.002814188 0.017144764 -0.493136406 -0.002894400 0.999984980 0.004655549 -4.224827766 -0.017131401 -0.004704470 0.999842107 284.150543213
0.999851108 0.002548276 0.017067766 -0.470024586 -0.002584017 0.999994516 0.002072343 -4.241722584 -0.017062390 -0.002116138 0.999852121 285.731231689
0.999852836 0.001506385 0.017087173 -0.453865528 -0.001499581 0.999998748 -0.000410935 -4.259227276 -0.017087771 0.000385250 0.999853909 287.304565430
0.999868870 0.001069180 0.016159449 -0.427897930 -0.001069206 0.999999404 -0.000007069 -4.290077686 -0.016159451 -0.000010209 0.999869406 288.873016357
0.999882102 -0.000354143 0.015350210 -0.419621944 0.000354848 0.999999940 -0.000043187 -4.312445641 -0.015350193 0.000048629 0.999882102 290.424072266
0.999897599 -0.000174226 0.014305455 -0.407099247 0.000183470 0.999999762 -0.000644880 -4.337311745 -0.014305339 0.000647439 0.999897420 291.975494385
0.999905229 0.000166610 0.013767000 -0.390706062 -0.000151347 0.999999344 -0.001109765 -4.361279488 -0.013767176 0.001107576 0.999904633 293.541900635
0.999912858 0.000341286 0.013197113 -0.380172253 -0.000335449 0.999999762 -0.000444484 -4.391145706 -0.013197264 0.000440019 0.999912739 295.097015381
0.999925792 0.000283837 0.012177063 -0.366728783 -0.000278906 0.999999881 -0.000406658 -4.418828487 -0.012177177 0.000403232 0.999925792 296.664672852
0.999936342 0.000079489 0.011279477 -0.358593464 -0.000091829 0.999999404 0.001093462 -4.447488785 -0.011279385 -0.001094428 0.999935806 298.231109619
0.999940515 0.001523170 0.010802881 -0.351737499 -0.001549695 0.999995768 0.002447418 -4.467061996 -0.010799108 -0.002464014 0.999938667 299.817077637
0.999928772 0.002136663 0.011735265 -0.342285872 -0.002165822 0.999994516 0.002472654 -4.485596180 -0.011729919 -0.002497894 0.999928057 301.393096924
0.999916434 0.002412272 0.012698737 -0.331348181 -0.002439738 0.999994695 0.002147828 -4.505198956 -0.012693490 -0.002178631 0.999917030 302.980072021
0.999913335 0.001379922 0.013092829 -0.319969177 -0.001403721 0.999997497 0.001808648 -4.521939278 -0.013090301 -0.001826869 0.999912679 304.566894531
0.999910772 -0.000225207 0.013356260 -0.302258492 0.000212345 0.999999523 0.000964417 -4.550471783 -0.013356471 -0.000961495 0.999910355 306.153625488
0.999905109 -0.001883412 0.013645720 -0.280603886 0.001898382 0.999997616 -0.001084187 -4.572921276 -0.013643644 0.001109989 0.999906242 307.747497559
0.999903619 -0.002214641 0.013703701 -0.270889282 0.002242550 0.999995589 -0.002021572 -4.597841740 -0.013699163 0.002052109 0.999903977 309.347930908
0.999933541 -0.001970691 0.011359569 -0.259838104 0.002005762 0.999993324 -0.003076741 -4.625752926 -0.011353429 0.003099321 0.999930680 310.942077637
0.999956608 -0.000565336 0.009299259 -0.241387844 0.000586721 0.999997199 -0.002297156 -4.654285908 -0.009297933 0.002302513 0.999954045 312.565429688
0.999960780 0.000639481 0.008844289 -0.235655785 -0.000646054 0.999999523 0.000740355 -4.676191807 -0.008843811 -0.000746039 0.999960542 314.198486328
0.999953270 -0.001121111 0.009599301 -0.225144625 0.001084826 0.999992251 0.003784325 -4.702312469 -0.009603470 -0.003773735 0.999946773 315.814514160
0.999953270 -0.001866871 0.009488768 -0.211890936 0.001825675 0.999988914 0.004348384 -4.719518661 -0.009496781 -0.004330858 0.999945581 317.434722900
0.999948263 -0.002563425 0.009838291 -0.201514006 0.002533362 0.999992013 0.003066969 -4.739675999 -0.009846076 -0.003041886 0.999946892 319.070678711
0.999938130 -0.003963354 0.010395676 -0.200732708 0.003929420 0.999986827 0.003282605 -4.760755539 -0.010408551 -0.003241552 0.999940634 320.682067871
0.999937356 -0.004070945 0.010424579 -0.185457706 0.004033687 0.999985397 0.003592591 -4.783284187 -0.010439049 -0.003550316 0.999939203 322.298736572
0.999931753 -0.003468293 0.011151949 -0.178869486 0.003431784 0.999988616 0.003291192 -4.800006866 -0.011163239 -0.003252696 0.999932408 323.921234131
0.999932349 -0.002126026 0.011432834 -0.167962074 0.002099579 0.999995112 0.002324703 -4.825139046 -0.011437719 -0.002300542 0.999931872 325.545013428
0.999924600 -0.001407200 0.012197238 -0.158265829 0.001384897 0.999997377 0.001836771 -4.850478172 -0.012199791 -0.001819741 0.999923944 327.164123535
0.999910474 -0.002908955 0.013059068 -0.150019169 0.002858373 0.999988377 0.003890345 -4.873885155 -0.013070231 -0.003852669 0.999907136 328.786865234
0.999906123 -0.003752640 0.013172740 -0.138663769 0.003690099 0.999981821 0.004768839 -4.897273064 -0.013190397 -0.004719783 0.999901891 330.403503418
0.999903083 -0.004885827 0.013033705 -0.119836807 0.004841932 0.999982536 0.003397246 -4.916818142 -0.013050074 -0.003333809 0.999909282 332.040466309
0.999907494 -0.003325276 0.013186517 -0.108974934 0.003280668 0.999988854 0.003403004 -4.940472126 -0.013197684 -0.003359429 0.999907196 333.639770508
0.999918401 -0.001883426 0.012639034 -0.102519512 0.001859692 0.999996483 0.001889347 -4.968501091 -0.012642548 -0.001865688 0.999918282 335.238494873
0.999924183 0.000446494 0.012307527 -0.090197563 -0.000429641 0.999998927 -0.001371924 -4.995689392 -0.012308125 0.001366532 0.999923229 336.847259521
0.999930561 0.001531168 0.011679549 -0.082998991 -0.001519199 0.999998331 -0.001033607 -5.020485878 -0.011681112 0.001015792 0.999931276 338.451507568
0.999940157 0.002562944 0.010634788 -0.076185942 -0.002590958 0.999993205 0.002621294 -5.048492432 -0.010627999 -0.002648692 0.999940038 340.034851074
0.999950290 0.003369971 0.009385422 -0.065867901 -0.003423622 0.999977827 0.005706211 -5.078201771 -0.009365984 -0.005738059 0.999939680 341.654632568
0.999958098 0.003990014 0.008236986 -0.060477257 -0.004026112 0.999982297 0.004370618 -5.097795486 -0.008219401 -0.004403598 0.999956548 343.256103516
0.999974072 0.003206443 0.006446987 -0.056676626 -0.003225192 0.999990582 0.002900006 -5.120514393 -0.006437628 -0.002920723 0.999975026 344.843719482
0.999985754 0.002420428 0.004752758 -0.056413889 -0.002438883 0.999989510 0.003881035 -5.140860081 -0.004743315 -0.003892571 0.999981105 346.452178955
0.999992669 0.000674824 0.003769652 -0.053890705 -0.000692149 0.999989212 0.004596505 -5.167004585 -0.003766510 -0.004599081 0.999982357 348.051208496
0.999994397 0.000573685 0.003282967 -0.053559303 -0.000585726 0.999993145 0.003667777 -5.184885025 -0.003280840 -0.003669679 0.999987900 349.649261475
0.999995768 -0.000255882 0.002904447 -0.053049922 0.000247330 0.999995649 0.002944471 -5.215141773 -0.002905187 -0.002943740 0.999991477 351.235229492
0.999995470 -0.000487164 0.002979433 -0.059005976 0.000479718 0.999996781 0.002499414 -5.231406212 -0.002980641 -0.002497974 0.999992430 352.834442139
0.999994755 -0.000973448 0.003099582 -0.065305591 0.000965935 0.999996543 0.002424533 -5.254376411 -0.003101931 -0.002421527 0.999992251 354.429992676
0.999994338 -0.001477647 0.003016233 -0.061410069 0.001472126 0.999997199 0.001832067 -5.281252861 -0.003018931 -0.001827616 0.999993801 356.017944336
0.999993742 -0.001727278 0.003090470 -0.065670371 0.001723907 0.999998033 0.001092983 -5.300464630 -0.003092351 -0.001087649 0.999994636 357.609985352
0.999992013 -0.002541992 0.003064865 -0.066648483 0.002538282 0.999996006 0.001213606 -5.324232578 -0.003067937 -0.001205817 0.999994576 359.200836182
0.999993443 -0.002304485 0.002795464 -0.060794353 0.002302822 0.999997199 0.000597680 -5.351651669 -0.002796834 -0.000591239 0.999995887 360.800048828
0.999988079 -0.003898627 0.002910624 -0.062651753 0.003901067 0.999992073 -0.000833027 -5.378442764 -0.002907354 0.000844372 0.999995410 362.383270264
0.999981642 -0.005382702 0.002788290 -0.061147571 0.005379663 0.999984920 0.001095918 -5.403493881 -0.002794147 -0.001080898 0.999995530 363.970825195
0.999971509 -0.007121847 0.002510678 -0.055002868 0.007116812 0.999972641 0.002008304 -5.427745819 -0.002524913 -0.001990379 0.999994814 365.567565918
0.999968946 -0.007446270 0.002599561 -0.051007867 0.007444354 0.999972045 0.000745539 -5.445765495 -0.002605040 -0.000726164 0.999996364 367.173034668
0.999976993 -0.005993711 0.003184217 -0.065512061 0.005993520 0.999982059 0.000069378 -5.473563671 -0.003184576 -0.000050292 0.999994934 368.774658203
0.999984622 -0.004239404 0.003578488 -0.074691772 0.004236994 0.999990821 0.000680896 -5.493984699 -0.003581342 -0.000665723 0.999993384 370.365051270
0.999987364 -0.003185038 0.003919866 -0.074579716 0.003177578 0.999993265 0.001907923 -5.527308941 -0.003925917 -0.001895443 0.999990463 371.961120605
0.999988198 -0.002333552 0.004263298 -0.074205995 0.002326847 0.999996066 0.001576992 -5.550539017 -0.004266961 -0.001567053 0.999989688 373.577758789
0.999985635 -0.003107441 0.004363974 -0.078833580 0.003104965 0.999994993 0.000574270 -5.572151184 -0.004365737 -0.000560712 0.999990284 375.162017822
0.999986112 -0.003131764 0.004243526 -0.077441812 0.003128528 0.999994814 0.000769085 -5.604669571 -0.004245913 -0.000755798 0.999990702 376.778381348
0.999984682 -0.003556325 0.004226092 -0.066304684 0.003553012 0.999993384 0.000790989 -5.632972240 -0.004228877 -0.000775961 0.999990761 378.366394043
0.999986470 -0.002222819 0.004708858 -0.068555951 0.002217154 0.999996841 0.001207994 -5.660041332 -0.004711529 -0.001197537 0.999988198 379.981842041
0.999988377 -0.000132513 0.004801315 -0.070472956 0.000126960 0.999999285 0.001156876 -5.676952362 -0.004801465 -0.001156253 0.999987781 381.584381104
0.999983549 0.001199738 0.005595113 -0.078470945 -0.001201243 0.999999225 0.000265457 -5.698246002 -0.005594790 -0.000272173 0.999984324 383.205810547
