1.000000000 0.000000000 0.000000000 0.000000000 0.000000000 1.000000000 0.000000000 0.000000000 0.000000000 0.000000000 1.000000000 0.000000000
0.999991596 -0.002388217 -0.003333077 -0.003537463 0.002380932 0.999994755 -0.002187793 -0.005512064 0.003338285 0.002179839 0.999992073 0.664565384
0.999971330 -0.001080448 -0.007491972 -0.012803748 0.001053562 0.999992967 -0.003591651 -0.010617854 0.007495800 0.003583655 0.999965489 1.358581185
0.999938488 -0.001302307 -0.011013308 -0.033228334 0.001246625 0.999986410 -0.005061229 -0.011526837 0.011019747 0.005047187 0.999926567 2.063299417
0.999875307 0.000149424 -0.015790431 -0.053374145 -0.000240648 0.999983311 -0.005775455 -0.014298664 0.015789304 0.005778535 0.999858618 2.788576365
0.999795914 -0.000402273 -0.020193961 -0.069944873 0.000280284 0.999981701 -0.006043330 -0.022747099 0.020196019 0.006036439 0.999777794 3.530241489
0.999691248 0.001090606 -0.024828214 -0.094042398 -0.001271578 0.999972761 -0.007274374 -0.030683748 0.024819609 0.007303699 0.999665260 4.284735680
0.999560416 0.003689845 -0.029416168 -0.129884899 -0.003932423 0.999958754 -0.008192848 -0.032363199 0.029384723 0.008304924 0.999533713 5.049656391
0.999407411 0.004255072 -0.034157913 -0.158219188 -0.004473125 0.999970078 -0.006309797 -0.046653207 0.034130044 0.006458849 0.999396443 5.838747978
0.999247909 0.003500740 -0.038620017 -0.194369763 -0.003639594 0.999987185 -0.003525674 -0.054749809 0.038607173 0.003663583 0.999247670 6.635598660
